EFECTOS; 11;
EJECUTIVO; 2;
EL; 15,23,21,19,17,14,13,12,22,20,18,16,3,4,9,11,8,5,6,2;
ELABORADO; 1;
ELIGA; 23,22,21,20,19,18,17,16,15,14,13,9;
ELLAS; 22,20,18,16;
ELLOS; 18,11;
EMITIO; 23,21,19,17,15,14,13,12,3;
EMITIR; 11;
EMITO; 23,21,19,17,15,14,13,12,3;
EMPLEADO; 20,22,21;
EMPLEADOS; 21,22,20;
EMPLEADOSCON; 20;
EN; 15,22,20,18,16,17,14,13,23,21,19,12,3,8,9,11,10,4,5,6,2;
ENCABEZADO; 23,22,21,20,19,18,17,16,15,14,13,12,3;
ENCABEZADOS; 4;
ENCARGA; 23,22,21,20,19,18,17,16,14,13,10,3;
ENCARGADA; 23,22,21,20,19,18,17,16,15,14,13,12,3;
ENCONTRAR; 11;
ENCUENTRA; 22,20,10,18,16,15,9,6;
ENCUENTRAN; 23,21,19,17,15,14,13,22,20,18,16,12,9,3;
ENCUENTRE; 5;
ENTENDIENDO; 8;
ENVIA; 18,6;
ENVIADO; 23,22,21,20,19,18,17,16,15,14,13,11,9;
ENVIAR; 4;
ENVIARA; 16,12,23,22,21,20,19,18,17,14,13,15,9,11,10,5,4;
EQUIPO; 5;
ERROR; 23,22,21,20,19,18,17,16,15,14,13,12,3;
ES; 23,21,19,17,14,13,22,20,18,16,12,3,15,11,4,10,8,7,6,5,2;
ESC; 4;
ESCRITO; 10;
ESCRITORIO; 2;
ESE; 22,20,15,9;
ESPECIFICA; 22,20,18,16,11,10;
ESTA; 15,23,22,21,20,19,17,14,13,18,16,12,9,3,8,4;
ESTADISTICAS; 17,18,23,21,19,16,15,14,13,9,22,20;
ESTADO; 15,14,13,23,21,19,17,12,22,20,18,16,11,9,3;
ESTADOS; 23,21,19,18,17,16,15,14,13,12,9,22,20,11;
ESTADÌSTICAS; 22,20,16,18,15,14,13,9,23,21,19,17;
ESTADÍSITICAS; 16;
ESTADÍSTCAS; 13;
ESTADÍSTICA; 15;
ESTADÍSTICAS; 23,22,21,20,19,18,17,16,14;
ESTAN; 5,4;
ESTDÍSTICA; 9;
ESTE; 18,16,10,4,23,22,21,20,19,17,14,13,12,11,9,2;
ESTO; 22,20,16;
ETIQUEDA; 11;
EVENTOS; 15;
EXCEL; 8,23,22,21,20,19,18,17,16,15,14,13,12,3;
EXISTA; 10;
EXITO; 23,22,21,20,19,18,17,16,15,14,13,12,3;
EXPORTACIÓN; 8;
