MAGENES; 4;
MANUAL; 1,2;
MARCAR; 22,20,18,16;
MARCO; 8;
MARGEN; 4;
MARGENES; 4;
MAS; 22,20,18,16,15,13,14,10,9;
MEDIO; 11;
MEDIOS; 11;
MEJOR; 11,12;
MENAJE; 12;
MENSAJE; 6,22,20,18,16,15,13,12,3,23,21,19,17,14,10;
MENSNAJE; 23,21,19,17,14;
MENU; 9,15,23,22,21,20,19,18,17,16,13,12,3,14;
MICROSOFT; 8;
MISMA; 5;
MISMOS; 11;
MOMENTO; 22,20,15,9;
MOSTAR; 23,22,21,20,19,18,17,16,15,14,13,12;
MOSTRADAS; 10;
MOSTRAR; 8,22,20,18,16,23,21,19,17,15,14,13,12,10,4,3;
MOSTRARA; 9,22,20,15,23,21,19,18,17,16,14,13,12;
MOSTRAREMOS; 10;
MOSTRARLOS; 22,20,18,16;
MOVIMIENTO; 15;
MOVIMIENTOS; 23,21,19,18,17,16,14,13,12,9;
MUESTRA; 15,23,21,19,18,17,16,14,13,22,20,12,11,9,3,4,8,5;
MUESTRAN; 23,21,19,18,17,15,14,13,12,11,3;
MUESTRAR; 23,22,21,20,19,18,17,16,15,14,13,3;
MUESTRE; 11;
MUETRA; 11;
MÀS; 22,20,15,9;
MÁS; 11,23,22,21,20,19,18,17,16,15,14,12,10,3;
